
strategic_region={
	id=108
	name="STRATEGICREGION_108"
	provinces={
		8677 8679 8680 8681 8684 8687 8691 8692 8697 8700 8701 8714 8715 8716 8719 8720 8723 8725 8726 8727 8728 8730 8747 8750 8764 8768 8769 8770 8776 8786 8802 8807 8821 8824 8849 8856 8858 8861 8865 8872 8874 8905 8917 8927 8931 8939 8960 8982 8987 9000 9018 9023 9024 9025 9031 9033 9042 9047 9051 9060 9063 9083 9104 9107 9117 9126 9132 9143 9153 9165 9190 9194 9196 9199 9210 9216 9230 9232 9256 9269 9274 9278 9305 9306 9327 9328 9338 9339 9343 9355 9356 9384 9386 9402 9417 9439 9467 9480 9485 9488 9498 9510 9512 9519 9534 9539 9547 9552 9556 9566 9569 9578 9581 9582 9596 9626 9643 9659 9677 9692 9697 9702 9703 9707 9713 9715 9718 9726 9730 9746 9754 9767 9774 9786 9800 9814 9816 9824 9844 9849 9863 9878 9894 9910 9913 9914 9916 9919 9931 9952 9963 9972 9976 9984 10005 10029 10037 10057 10066 10073 10075 10083 10089 10109 10121 10130 10132 10136 10139 10142 10144 10156 10158 10161 10168 10171 10173 10174 10178 10180 10181 10183 10188 10189 10192 10194 10197 10204 10205 10207 10213 10216 10217 10222 10223 10224 10227 10254 10260 10266 10273 10280 10297 10300 10314 10339 10342 10344 10353 10359 10376 10377 10383 10386 10400 10411 10416 10418 10433 10437 10444 10447 10450 10454 10468 10474 10484 10506 10516 10518 10519 10521 10527 10535 10572 10583 10593 10596 10599 10607 10645 10649 10651 10665 10711 10729 10734 10736 10741 10742 10745 10748 10770 10776 10779 10800 10802 10808 10810 10816 10838 10889 10893 10905 10907 10916 10918 10925 10928 10938 10941 10942 10943 10952 10962 10968 10970 10972 10999 11000 11010 11048 11054 11062 11068 11074 11089 11097 11107 11117 11122 11140 11144 11153 11176 11191 11192 11201 11223 11233 11258 11266 11277 11301 11302 11313 11329 11347 11360 11361 11362 11363 11370 11430 11435 11443 11446 11451 11461 11472 11475 11490 11501 11505 11533 11554 11575 11621 11622 11624 11631 11632 11634 11635 11639 11640 11641 11642 11647 11649 11652 11655 11662 11663 11664 11668 11679 11683 11690 11693 11700 11701 11707 11715 11719 11723 11875 11899 11900 11910 11914 11915 11925 11926 11930 
	}
	naval_terrain=water_abyss
	weather={
	}
}
