
strategic_region={
	id=108
	name="STRATEGICREGION_108"
	provinces={
		8674 8676 8677 8679 8680 8681 8684 8687 8691 8692 8697 8700 8701 8711 8714 8715 8716 8719 8720 8723 8725 8726 8727 8728 8730 8746 8747 8750 8764 8768 8769 8770 8776 8779 8786 8802 8807 8821 8822 8824 8849 8856 8858 8861 8865 8872 8874 8898 8905 8917 8927 8931 8939 8960 8982 8987 8997 9000 9018 9021 9023 9024 9025 9031 9032 9033 9042 9047 9051 9060 9063 9083 9104 9106 9107 9117 9126 9132 9143 9153 9165 9172 9181 9190 9194 9196 9199 9207 9210 9216 9230 9232 9247 9256 9274 9278 9305 9306 9327 9328 9338 9339 9343 9355 9356 9368 9377 9384 9386 9392 9402 9417 9430 9438 9439 9467 9480 9483 9485 9488 9495 9496 9498 9510 9512 9519 9534 9539 9545 9547 9552 9554 9556 9566 9569 9578 9582 9584 9606 9615 9626 9643 9647 9659 9677 9692 9697 9702 9703 9707 9713 9715 9718 9726 9730 9746 9754 9767 9774 9786 9800 9814 9816 9824 9847 9849 9852 9863 9878 9887 9894 9910 9913 9914 9916 9919 9931 9952 9963 9972 9976 9984 9987 10005 10029 10037 10057 10066 10073 10075 10083 10089 10093 10109 10121 10130 10132 10135 10136 10139 10142 10144 10156 10158 10161 10168 10171 10173 10174 10178 10180 10181 10183 10188 10189 10192 10194 10197 10198 10204 10205 10207 10213 10216 10217 10222 10223 10224 10227 10238 10254 10260 10266 10273 10280 10297 10300 10314 10339 10342 10344 10349 10353 10359 10376 10377 10379 10380 10383 10386 10411 10416 10418 10433 10437 10444 10446 10447 10450 10454 10468 10474 10484 10506 10516 10518 10519 10521 10527 10535 10540 10547 10557 10572 10583 10593 10596 10599 10607 10630 10645 10649 10651 10663 10711 10716 10729 10734 10736 10741 10742 10745 10748 10770 10776 10779 10799 10800 10802 10808 10810 10816 10838 10889 10892 10893 10905 10907 10916 10918 10925 10928 10938 10941 10942 10943 10952 10962 10968 10970 10972 10999 11000 11010 11025 11041 11047 11048 11054 11062 11068 11074 11085 11089 11097 11107 11117 11122 11140 11144 11151 11153 11176 11191 11192 11201 11223 11233 11258 11266 11277 11279 11287 11301 11302 11313 11323 11329 11347 11354 11360 11361 11362 11363 11370 11384 11430 11435 11443 11446 11451 11461 11472 11475 11490 11501 11505 11533 11554 11575 11621 11622 11624 11631 11632 11634 11635 11639 11640 11641 11642 11646 11647 11649 11652 11655 11662 11663 11664 11668 11679 11683 11690 11700 11701 11707 11715 11719 11723 11868 11875 11881 11892 11899 11900 11910 11914 11915 11923 11925 11926 11930 
	}
	naval_terrain=water_abyss
	weather={
	}
}
