
strategic_region={
	id=145
	name="STRATEGICREGION_145"
	provinces={
		8674 8676 8711 8721 8722 8729 8746 8749 8767 8795 8803 8814 8831 8884 8898 8997 9002 9011 9032 9092 9106 9152 9164 9207 9225 9314 9377 9392 9397 9430 9438 9486 9495 9496 9606 9615 9647 9802 9835 9842 9887 9946 9962 9987 10021 10051 10059 10093 10111 10135 10236 10251 10287 10354 10380 10405 10455 10469 10470 10537 10540 10557 10624 10716 10749 10768 10788 10799 10927 10979 11019 11025 11047 11076 11103 11151 11167 11178 11287 11323 11354 11368 11384 11401 11428 11508 11859 11866 11867 11868 11881 11892 11894 
	}
	naval_terrain=water_fog_maze
	weather={
	}
}
