
strategic_region={
	id=150
	name="STRATEGICREGION_150"
	provinces={
		8682 8690 8717 8762 8796 8798 8854 8890 8925 8958 9014 9040 9048 9050 9057 9093 9097 9115 9119 9130 9135 9220 9252 9329 9390 9550 9572 9624 9672 9785 9860 9868 9895 9936 9939 9944 10022 10024 10119 10124 10175 10199 10278 10317 10332 10333 10370 10390 10421 10438 10531 10564 10585 10604 10611 10650 10655 10696 10764 10812 10845 10963 11018 11197 11214 11297 11320 11322 11396 11477 11478 11531 11565 11695 11706 11708 11713 11721 11736 11743 11744 11755 11758 
	}
	naval_terrain=water_fog_maze
	weather={
	}
}
