
strategic_region={
	id=152
	name="STRATEGICREGION_152"
	provinces={
		8745 8752 8778 8848 8888 8895 8961 8988 9010 9041 9043 9061 9066 9076 9080 9113 9158 9197 9224 9263 9272 9304 9433 9435 9446 9478 9532 9576 9648 9661 9694 9721 9736 9745 9853 9874 9922 9959 10010 10038 10068 10179 10206 10210 10279 10328 10404 10448 10520 10569 10612 10613 10662 10728 10829 10883 10908 11015 11113 11118 11124 11125 11161 11165 11177 11198 11291 11307 11321 11341 11342 11350 11394 11471 11524 11539 11801 11803 11805 11822 11824 11826 11834 11837 11861 
	}
	naval_terrain=water_fog_maze
	weather={
	}
}
