
strategic_region={
	id=156
	name="STRATEGICREGION_156"
	provinces={
		8736 8748 8812 8853 8920 8951 8953 9001 9015 9027 9071 9081 9111 9118 9124 9170 9173 9209 9254 9277 9290 9294 9299 9312 9340 9385 9425 9426 9437 9460 9466 9515 9558 9565 9655 9658 9664 9691 9741 9763 9783 9793 9832 9854 9872 9880 10060 10157 10162 10218 10268 10417 10457 10491 10501 10505 10514 10597 10672 10712 10792 10840 10874 10911 10940 10954 10966 10987 11060 11067 11254 11267 11276 11330 11336 11337 11416 11445 11452 11492 11543 11555 11569 11696 11704 11716 11717 11718 11724 11726 11729 11731 11738 11747 11749 11753 11763 
	}
	naval_terrain=water_deep_ocean
	weather={
	}
}
