
strategic_region={
	id=160
	name="STRATEGICREGION_160"
	provinces={
		8759 8787 8813 8833 8904 8929 8932 8990 9006 9007 9034 9062 9065 9095 9114 9149 9150 9160 9211 9341 9362 9410 9420 9421 9432 9449 9503 9526 9528 9542 9546 9598 9630 9637 9662 9759 9812 9843 9856 9869 9951 9961 9971 10006 10128 10160 10164 10165 10191 10203 10256 10257 10298 10301 10336 10414 10503 10541 10550 10554 10622 10698 10769 10817 10854 10864 10885 10953 10956 10978 10985 10998 11028 11051 11056 11063 11072 11081 11099 11186 11349 11529 11574 11750 11764 11776 11777 11778 11779 11789 11790 11809 
	}
	naval_terrain=water_deep_ocean
	weather={
	}
}
