
strategic_region={
	id=161
	name="STRATEGICREGION_161"
	provinces={
		8706 8709 8743 8763 8810 8826 8889 8914 9012 9054 9069 9133 9193 9280 9311 9350 9373 9378 9409 9427 9525 9616 9627 9645 9654 9735 9756 9788 9807 9810 9937 10003 10078 10090 10133 10138 10272 10274 10294 10340 10360 10378 10394 10403 10466 10496 10525 10609 10633 10690 10780 10782 10793 10811 10848 10881 10921 10929 10931 11109 11129 11142 11162 11220 11239 11343 11351 11356 11364 11371 11391 11395 11409 11540 11561 11702 11705 11710 11711 11725 11727 11728 11730 11732 11742 11752 
	}
	naval_terrain=water_deep_ocean
	weather={
	}
}
