
strategic_region={
	id=162
	name="STRATEGICREGION_162"
	provinces={
		8702 8732 8753 8772 8777 8783 8791 8793 8830 8832 8875 8943 8978 8989 9022 9026 9030 9038 9045 9056 9082 9108 9116 9142 9161 9163 9166 9218 9222 9238 9303 9307 9308 9321 9351 9380 9400 9415 9416 9465 9469 9470 9471 9473 9482 9491 9502 9504 9524 9543 9607 9612 9650 9674 9700 9722 9737 9738 9773 9776 9784 9795 9819 9826 9845 9846 9851 9862 9909 9993 10011 10048 10061 10094 10113 10150 10185 10193 10221 10230 10296 10335 10343 10356 10363 10367 10397 10430 10456 10479 10517 10524 10529 10534 10536 10614 10620 10629 10721 10722 10744 10809 10899 10906 10915 10917 10958 10969 10983 11029 11115 11138 11171 11194 11226 11234 11285 11334 11369 11419 11420 11429 11468 11486 11502 11503 11579 11580 11672 11676 11682 11686 11691 11694 11697 11709 11714 11733 11737 11739 11748 11751 11754 11765 11769 11771 11775 
	}
	naval_terrain=water_deep_ocean
	weather={
	}
}
