
strategic_region={
	id=165
	name="STRATEGICREGION_165"
	provinces={
		8751 8816 8838 8869 8878 8879 8926 8965 9017 9129 9181 9187 9228 9247 9302 9316 9401 9545 9555 9584 9609 9693 9698 9750 9797 9823 9839 9949 9969 9977 10019 10098 10131 10143 10159 10295 10320 10347 10398 10451 10460 10494 10548 10566 10646 10720 10850 10851 10951 11041 11045 11046 11059 11069 11084 11116 11339 11467 11626 11630 11644 11651 11656 11659 11667 11669 11673 11675 11680 11688 
	}
	naval_terrain=water_deep_ocean
	weather={
	}
}
