
strategic_region={
	id=39
	name="STRATEGICREGION_39"
	provinces={
		77 91 355 487 489 547 551 1075 1153 1154 1400 1554 1694 1771 1785 1827 1901 1936 1995 2080 2202 2228 2266 2272 2371 2422 2507 2813 3038 3080 3169 3300 3493 3832 3950 4036 4076 4146 4419 4445 4459 4514 4626 4761 4812 4895 4914 4928 5025 5046 5063 5077 5276 5382 5427 6255 6268 6271 6273 6277 6288 6295 6299 6301 6307 6315 6317 6322 6326 6330 6334 6335 6341 6342 6343 6350 6359 6363 6364 6368 6376 6377 6382 6383 6387 6392 6395 6396 6402 6406 6413 6422 6433 
	}
	weather={
	}
}
