
strategic_region={
	id=41
	name="STRATEGICREGION_41"
	provinces={
		13 64 107 248 252 345 398 436 447 465 658 724 729 742 780 794 807 947 956 1084 1087 1342 1366 1412 1430 1459 1581 1614 1653 1698 1825 1843 1869 2034 2055 2209 2262 2329 2387 2406 2615 2753 2756 2782 2789 2815 2828 2848 2869 2882 2949 2965 2991 3017 3065 3115 3119 3195 3228 3267 3347 3402 3487 3577 3593 3598 3615 3680 3740 3814 3831 3834 3871 3906 3923 3995 4006 4047 4103 4257 4279 4280 4285 4357 4486 4495 4521 4534 4568 4751 4802 4806 4864 4871 4930 5136 5175 5178 5185 5235 5249 5284 5286 5319 5459 5474 5475 5496 6511 6514 6558 6588 6605 6612 6636 6654 6716 6718 6720 6721 6733 6742 6743 6749 6750 6752 6763 6764 6768 6775 6783 6789 6790 6791 6794 6805 6806 6808 6822 6823 6840 6846 6850 6851 6855 6862 6866 6869 6877 6878 6884 6888 6896 6899 6901 6909 6913 6916 6924 6930 6936 6940 6943 6944 6947 6957 6958 6965 6969 6981 6982 6988 6990 6996 7003 7004 7018 7019 12020 
	}
	weather={
	}
}
