
strategic_region={
	id=67
	name="STRATEGICREGION_67"
	provinces={
		22 45 47 70 104 124 151 191 261 263 311 340 612 707 757 761 890 943 945 979 1023 1061 1097 1105 1110 1133 1257 1311 1379 1415 1429 1432 1455 1471 1520 1525 1559 1604 1617 1634 1647 1650 1677 1862 1874 1967 2132 2155 2182 2189 2373 2421 2425 2458 2470 2473 2538 2726 2802 2827 2855 2866 2906 2936 3018 3054 3064 3116 3189 3198 3231 3290 3369 3426 3500 3501 3631 3918 4055 4068 4086 4144 4240 4247 4300 4348 4520 4546 4604 4650 4688 4797 4855 4950 5003 5049 5062 5135 5215 5386 5430 5596 5598 5599 5600 5603 5604 5605 5606 5607 5608 5609 5610 5611 5612 5613 5614 5615 5617 5619 5620 5621 5622 5623 5625 5626 5628 5631 5632 5633 5635 5637 5638 5639 5640 5641 5643 5648 5649 5651 5658 5660 5667 5673 5674 5692 5701 5714 5727 8621 8624 8627 8634 11980 11981 11982 11983 11984 11985 
	}
	weather={
	}
}
