
strategic_region={
	id=69
	name="STRATEGICREGION_69"
	provinces={
		54 90 98 141 378 403 431 505 518 580 626 641 688 725 764 773 788 824 891 921 988 1033 1285 1295 1375 1385 1397 1426 1499 1518 1523 1624 1625 1682 1686 1899 1958 2083 2130 2188 2252 2309 2414 2488 2490 2534 2717 2846 2860 2864 2973 3066 3072 3272 3314 3317 3319 3380 3384 3449 3512 3542 3594 3692 3858 3883 3962 4021 4066 4204 4209 4230 4390 4394 4473 4532 4634 4668 4753 4814 4833 4899 4948 4976 4999 5007 5064 5093 5153 5164 5170 5194 5407 5431 5434 5471 5517 5782 5789 5792 5809 5811 5813 5816 5819 5820 5824 5825 5829 5832 5834 5839 5840 5841 5845 5846 5849 5853 5855 5858 5860 5861 5865 5866 5867 5868 5869 5871 5872 5873 5874 5876 5877 5878 5879 5880 5881 5884 5885 5887 5891 5892 5897 5901 5903 5908 11997 11999 12001 12003 
	}
	weather={
	}
}
