
strategic_region={
	id=72
	name="STRATEGICREGION_72"
	provinces={
		383 395 444 473 529 573 578 636 667 754 1062 1264 1319 1407 1474 1613 1793 1854 2076 2093 2095 2149 2154 2199 2212 2234 2320 2359 2411 2466 2485 2496 2500 2510 2628 2733 2748 2770 2851 2941 3079 3099 3152 3156 3360 3421 3436 3579 3605 3877 4098 4109 4160 4253 4375 4383 4407 4430 4608 4623 4658 4682 4734 4741 4878 4898 4980 5044 5287 5317 5335 5371 5408 5442 5511 5644 5647 5657 5662 5663 5669 5676 5685 5688 5689 5690 5693 5695 5702 5703 5713 5717 5721 5724 5725 5726 5729 5730 5732 5733 5734 5738 5739 5740 5741 5742 5746 5748 5749 5752 5754 5755 5756 5757 5764 5769 5770 5776 
	}
	weather={
	}
}
