
strategic_region={
	id=88
	name="STRATEGICREGION_88"
	provinces={
		9 51 53 61 66 76 102 123 170 202 227 228 229 239 245 269 272 278 297 303 319 371 377 379 382 430 442 452 484 500 511 517 526 548 569 570 619 633 634 660 680 714 735 748 760 765 817 828 830 836 865 876 881 900 903 926 932 938 974 983 987 989 1003 1026 1046 1053 1054 1063 1074 1104 1112 1121 1136 1150 1179 1182 1185 1231 1241 1268 1289 1292 1299 1324 1337 1343 1347 1351 1352 1353 1359 1382 1403 1487 1490 1503 1513 1524 1530 1539 1545 1558 1563 1586 1630 1645 1648 1655 1668 1669 1672 1673 1706 1725 1728 1734 1756 1764 1776 1784 1797 1801 1815 1820 1850 1863 1873 1888 1893 1894 1896 1897 1903 1963 1992 2000 2014 2015 2022 2023 2031 2056 2061 2094 2105 2129 2156 2171 2183 2217 2219 2220 2221 2246 2269 2274 2282 2330 2333 2360 2364 2381 2394 2404 2418 2433 2444 2480 2495 2515 2528 2561 2579 2591 2597 2622 2656 2691 2701 2715 2745 2764 2775 2780 2787 2809 2812 2821 2839 2843 2856 2871 2896 2907 2908 2915 2919 3031 3041 3057 3058 3091 3092 3097 3106 3117 3118 3134 3136 3142 3154 3172 3173 3176 3185 3222 3249 3250 3256 3260 3261 3274 3291 3327 3336 3337 3339 3342 3348 3367 3378 3404 3407 3414 3425 3435 3443 3446 3451 3511 3525 3533 3541 3544 3546 3574 3585 3588 3595 3620 3635 3642 3649 3657 3673 3685 3686 3697 3718 3725 3750 3772 3781 3788 3795 3798 3808 3809 3829 3865 3873 3893 3903 3914 3916 3930 3937 3942 3956 3966 3981 3996 4010 4017 4024 4027 4032 4064 4100 4101 4113 4148 4149 4153 4185 4190 4199 4215 4263 4305 4327 4350 4368 4374 4386 4413 4421 4433 4440 4465 4477 4518 4522 4543 4547 4551 4554 4566 4673 4706 4721 4731 4748 4765 4779 4786 4794 4798 4852 4866 4889 4901 4910 4935 4963 4970 4983 5042 5050 5070 5109 5113 5114 5126 5138 5139 5152 5158 5180 5198 5200 5227 5245 5256 5258 5262 5271 5298 5334 5349 5378 5395 5399 5426 5436 5455 5486 5487 5509 5524 5528 6103 6104 6105 6109 6112 6113 6116 6118 6120 6121 6122 6124 6126 6132 6133 6134 6138 6139 6140 6142 6143 6147 6148 6152 6153 6154 6155 6156 6157 6159 6160 6161 6163 6165 6166 6167 6168 6169 6172 6173 6174 6175 6176 6181 6185 6187 6188 6193 6195 6197 6199 6200 6203 6205 6207 6208 6209 6215 6216 6217 6219 6220 6225 6227 6228 6230 6237 6238 6239 6242 6243 6245 6249 6252 6254 6256 6257 6261 6263 6264 6267 6269 6274 6280 6281 6283 6285 6286 6287 6289 6291 6292 6293 6296 6302 6304 6305 6309 6310 6311 6312 6313 6314 6318 6319 6320 6328 6329 6331 6332 6333 6337 6338 6339 6340 6344 6345 6346 6347 6348 6349 6352 6353 6354 6355 6356 6358 6360 6362 6365 6367 6371 6372 6374 6379 6380 6381 6384 6386 6388 6389 6394 6397 6399 6401 6404 6407 6408 6410 6418 6419 6424 6425 6427 6428 6430 6432 6436 6440 6441 6442 6444 6448 6452 6453 6454 6459 6460 6462 6463 6464 6468 6475 6476 6479 6480 6481 6482 6495 6496 6502 6503 6513 6515 6521 6524 6525 6533 6535 6540 6542 6545 6551 6554 6555 6562 6563 6571 6576 6580 6583 6590 6609 6626 8651 11973 12008 12010 12017 12018 
	}
	weather={
	}
}
