
strategic_region={
	id=91
	name="STRATEGICREGION_91"
	provinces={
		2 83 85 93 113 119 127 135 145 148 157 158 189 203 258 265 280 310 326 343 373 389 405 435 453 475 476 544 566 590 611 635 711 718 719 721 722 733 785 790 800 806 821 826 837 855 858 861 862 863 884 892 910 959 964 981 1004 1014 1031 1045 1081 1092 1102 1119 1147 1190 1204 1239 1251 1300 1303 1306 1312 1322 1325 1326 1341 1349 1362 1401 1452 1472 1491 1528 1543 1548 1557 1566 1572 1603 1621 1638 1639 1640 1667 1683 1691 1719 1731 1732 1741 1743 1772 1791 1792 1818 1819 1847 1871 1882 1898 1902 1911 1928 1956 1962 1986 1993 1996 1998 2001 2036 2040 2085 2116 2118 2139 2148 2157 2178 2179 2184 2194 2203 2222 2239 2251 2292 2316 2392 2405 2427 2428 2478 2483 2491 2508 2513 2533 2587 2607 2609 2620 2634 2640 2642 2699 2712 2732 2738 2744 2841 2849 2861 2868 2870 2879 2883 2886 2939 2977 2988 3021 3027 3028 3114 3182 3190 3212 3225 3341 3389 3391 3428 3430 3433 3468 3483 3543 3545 3551 3612 3630 3643 3698 3700 3712 3713 3733 3761 3763 3767 3845 3849 3860 3919 3925 3928 3940 3974 4016 4035 4108 4124 4129 4142 4173 4221 4226 4264 4269 4313 4338 4339 4420 4463 4469 4476 4507 4527 4537 4553 4573 4588 4599 4625 4659 4663 4693 4744 4752 4757 4785 4787 4842 4916 4947 4990 4996 5039 5045 5053 5096 5110 5129 5134 5141 5177 5216 5308 5329 5387 5413 5477 5483 5493 6357 6366 6369 6370 6378 6385 6393 6400 6411 6414 6415 6423 6429 6434 6445 6446 6447 6456 6461 6466 6467 6471 6483 6484 6486 6489 6490 6491 6494 6498 6500 6501 6507 6512 6516 6520 6523 6528 6529 6531 6538 6541 6543 6548 6553 6556 6559 6564 6568 6570 6573 6579 6581 6582 6584 6586 6592 6595 6597 6600 6604 6606 6608 6610 6613 6616 6618 6621 6624 6625 6629 6631 6634 6637 6643 6652 6655 6657 6658 6659 6661 6667 6671 6673 6679 6680 6682 6692 6696 6698 6701 6705 6707 6710 6717 6724 6729 6734 6737 6745 6754 6756 6760 6761 6774 6780 6782 6795 6802 6810 6811 6818 6829 6830 6836 6844 6860 6865 6872 6875 6881 6890 6905 6907 6922 6925 6929 6939 6964 6966 6971 6972 7011 7016 7020 7061 8652 8653 8654 8655 8656 8658 8659 8660 8661 8662 8663 8664 12011 12013 12015 12016 12019 12021 12022 12023 12024 12025 12026 12027 12028 12031 12032 12038 12039 12040 
	}
	weather={
	}
}
