1 35 
1 57 
1 187 
1 236 
1 287 
1 477 
1 507 
1 881 
1 893 
1 895 
1 984 
1 1245 
1 1535 
1 1601 
1 1624 
1 1904 
1 1966 
1 2293 
1 2357 
1 2407 
1 2429 
1 2440 
1 2465 
1 2701 
1 2792 
1 2894 
1 2963 
1 3088 
1 3127 
1 3267 
1 3388 
1 3454 
1 3468 
1 3586 
1 3616 
1 3705 
1 3797 
1 3998 
1 4137 
1 4188 
1 4471 
1 4652 
1 4702 
1 4706 
1 4712 
1 4732 
1 4863 
1 4964 
1 5028 
1 5033 
1 5105 
1 5330 
1 5445 
1 5506 
1 6417 
1 6635 
1 6768 
1 6824 
1 6893 
1 6942 
1 6958 
1 7032 
1 7126 
1 7266 
1 7271 
1 7294 
1 7303 
1 7330 
1 7439 
1 7589 
1 7760 
1 7839 
1 7855 
1 7972 
1 8015 
1 8135 
1 8228 
1 8371 
