state={
	id=702
	name="STATE_702"
	provinces={
		59 168 197 479 713 970 982 1047 1170 1207 1439 1550 1654 1851 1872 1926 1942 2027 2057 2102 2301 2342 2395 2442 2573 2689 2769 2995 3287 3490 3584 3614 3654 3850 4123 4418 4442 4586 4890 4905 5073 5163 5388 5488 5521 7310 7317 7361 7374 7400 7413 7441 7444 7455 7478 7511 7533 7555 7562 7570 7587 7591 7600 7604 7620 
	}
	history={
		owner = ENG
		add_core_of = ENG
	}
	manpower=10000
	buildings_max_level_factor=1.000
	state_category=pastoral
	local_supplies=0.000
}
