
state={
	id=703
	name="STATE_703"
	provinces={
		8 39 256 267 381 454 530 602 747 1117 1143 1144 1221 1235 1248 1458 1481 1620 1661 1763 1777 1803 1859 1884 1917 2013 2072 2150 2314 2345 2375 2380 2415 2420 2460 2493 2586 2589 2877 2930 2934 2994 3090 3408 3505 3521 3580 3646 3675 3679 3727 3762 3786 3917 4041 4122 4186 4287 4309 4333 4385 4400 4450 4483 4519 4643 4697 4860 4897 4938 4994 5031 5033 5160 5202 5209 5217 5318 5390 5463 7326 7354 7367 7377 7381 7414 7460 7497 7532 7554 7571 7586 7609 7610 7626 7634 7638 7654 7677 7684 7685 7686 7688 7710 7725 7728 7746 7770 8665 12048 12049 12050 
	}
	history={
		owner = ENG
		add_claim_by = ENG
		add_core_of = FEN
		set_demilitarized_zone = yes
		set_state_flag = fenian_sentiment
	}
	manpower=10000
	buildings_max_level_factor=1.000
	state_category=pastoral
	local_supplies=0.000
}
