
state={
	id=704
	name="STATE_704"
	provinces={
		18 50 106 112 186 212 315 318 333 391 412 423 449 543 582 664 671 689 810 877 898 899 901 905 1021 1034 1107 1177 1192 1228 1236 1273 1288 1355 1440 1445 1447 1457 1482 1488 1493 1519 1579 1723 1758 1773 1811 1816 1855 1907 1940 1985 1990 2033 2101 2121 2165 2190 2264 2332 2369 2402 2463 2551 2595 2638 2655 2698 2723 2762 2831 2969 2990 3013 3060 3103 3113 3223 3264 3345 3346 3362 3366 3419 3427 3455 3539 3618 3651 3662 3734 3766 3784 3790 3828 3855 3912 3951 3990 4094 4167 4250 4314 4342 4437 4468 4524 4536 4597 4616 4661 4695 4749 4768 4773 4792 4793 4861 4868 4967 4989 5008 5032 5058 5094 5099 5205 5233 5348 5376 5417 5418 7458 7493 7510 7540 7545 7549 7559 7567 7583 7589 7597 7598 7608 7627 7642 7657 7658 7664 7679 7697 7700 7714 7729 7742 7763 7765 7771 7772 7775 7793 7796 7797 7803 7805 7806 7815 7818 7822 7830 7837 7846 7856 7857 7860 7863 7870 7879 7890 7898 7915 7918 7920 7930 7933 7936 7955 7956 7968 8666 8667 
	}
	history={
		owner = ENG
		add_claim_by = ENG
		add_core_of = FEN
		set_demilitarized_zone = yes
		set_state_flag = fenian_sentiment
	}
	manpower=10000
	buildings_max_level_factor=1.000
	state_category=pastoral
	local_supplies=0.000
}
