state={
	id=705
	name="STATE_705"
	provinces={
		72 142 233 365 456 561 692 730 779 822 825 951 1041 1139 1145 1262 1276 1286 1373 1823 1885 1932 2077 2108 2109 2218 2362 2800 2865 2943 3039 3075 3089 3167 3269 3333 3684 3706 4126 4198 4294 4359 4370 4405 4542 4635 4696 4800 4908 4958 5018 5360 5405 7008 7022 7089 7103 7106 7114 7118 7136 7149 7158 7185 7186 7191 7197 7214 7219 7240 7241 7268 12043 
	}
	history={
		owner = ENG
		add_claim_by = ENG
		add_core_of = FEN
		set_demilitarized_zone = yes
		set_state_flag = fenian_sentiment
	}
	manpower=10000
	buildings_max_level_factor=1.000
	state_category=pastoral
	local_supplies=0.000
}
