
state={
	id=706
	name="STATE_706"
	provinces={
		71 274 289 290 316 563 1082 1162 1232 1433 1584 1714 1770 1908 2052 2197 2204 2302 2317 2356 2434 2501 2554 2575 2584 2612 2747 2806 2998 3224 3278 3639 4014 4015 4018 4037 4054 4296 4356 4366 4541 4735 4849 4940 5016 5030 5054 5112 5315 5489 5525 7259 7260 7291 7294 7300 7301 7308 7324 7341 7349 7362 7365 7371 7372 7393 7396 7407 7428 7470 7516 
	}
	history={
		owner = ENG
		add_claim_by = ENG
		add_core_of = EIR
		set_demilitarized_zone = yes
		set_state_flag = fenian_sentiment
	}
	manpower=10000
	buildings_max_level_factor=1.000
	state_category=small_town
	local_supplies=0.000
}
