state={
	id=711
	name="STATE_711"
	provinces={
		66 123 269 319 377 511 517 526 619 633 817 830 876 926 1026 1046 1053 1121 1136 1150 1179 1353 1530 1648 1776 1893 1963 2000 2014 2023 2031 2129 2246 2269 2418 2433 2591 2622 2691 2745 2780 2821 2839 2915 3092 3106 3118 3142 3425 3435 3446 3511 3544 3635 3673 3697 3750 3781 3795 3893 3981 4032 4153 4190 4215 4263 4374 4518 4547 4748 4779 4901 4963 5139 5152 5227 5245 5258 5298 5436 5487 5509 6103 6104 6105 6109 6113 6116 6118 6120 6126 6132 6134 6139 6142 6143 6152 6155 6160 6172 6173 6176 6188 6193 6195 6207 6215 6225 6227 6238 6242 6267 6280 6283 6291 6292 12008 
	}
	history={
		owner = ENG
		add_claim_by = ENG
		add_core_of = EIR
	}
	manpower=10000
	buildings_max_level_factor=1.000
	state_category=small_town
	local_supplies=0.000
}
