state={
	id=712
	name="STATE_712"
	provinces={
		127 158 189 203 343 373 453 475 476 566 635 721 733 800 806 861 892 910 959 964 981 1004 1092 1190 1204 1300 1303 1325 1362 1557 1603 1638 1639 1683 1691 1743 1791 1792 1818 1871 1882 1902 2085 2139 2148 2239 2251 2292 2392 2513 2533 2587 2642 2699 2732 2738 2883 2988 3021 3027 3028 3114 3341 3430 3468 3612 3630 3712 3713 3733 3767 3860 3928 3974 4016 4035 4226 4264 4269 4463 4527 4573 4625 4659 4663 4744 4785 4842 4990 5053 5096 5110 5134 5141 5308 6657 6661 6667 6671 6680 6682 6698 6701 6705 6707 6710 6717 6724 6729 6734 6737 6754 6756 6760 6761 6780 6782 6795 6810 6811 6818 6829 6844 6860 6865 6872 6875 6881 6905 6907 6922 6925 6929 6939 6964 6966 6971 6972 7011 7016 7020 7061 8658 8659 8660 8661 8662 8663 8664 12032 12038 12039 12040 
	}
	history={
		owner = ENG
		add_claim_by = ENG
		add_core_of = FEN
		set_demilitarized_zone = yes
		set_state_flag = fenian_sentiment
	}
	manpower=10000
	buildings_max_level_factor=1.000
	state_category=small_town
	local_supplies=0.000
}
