state={
	id=713
	name="STATE_713"
	provinces={
		83 85 113 135 148 258 265 280 326 405 544 611 718 722 785 855 862 863 884 1045 1081 1147 1239 1251 1322 1326 1341 1349 1452 1472 1491 1640 1719 1731 1772 1819 1928 1956 1962 1993 1996 1998 2001 2040 2116 2118 2179 2194 2428 2491 2607 2634 2712 2849 2868 2886 3190 3212 3483 3643 3698 3700 3761 3849 3919 3940 4108 4124 4129 4221 4313 4339 4507 4537 4599 4757 4996 5039 5129 5177 5329 5387 5477 6369 6378 6393 6400 6415 6423 6429 6445 6466 6467 6490 6501 6520 6528 6538 6548 6553 6568 6573 6581 6595 6597 6600 6606 6610 6613 6616 6621 6631 6637 6643 6652 6655 6658 6673 6679 8652 8653 8654 8655 8656 12013 12019 12023 12024 12027 12028 
	}
	history={
		owner = ENG
		add_claim_by = ENG
		add_core_of = EIR
		set_demilitarized_zone = yes
		set_state_flag = fenian_sentiment
	}
	manpower=10000
	buildings_max_level_factor=1.000
	state_category=small_town
	local_supplies=0.000
}
