state={
	id=716
	name="STATE_716"
	provinces={
		93 145 310 590 711 719 1119 1548 1566 1572 1621 1732 1911 1986 2036 2157 2178 2203 2427 2879 3389 3433 3543 3545 3551 3925 4142 4173 4469 4476 4588 4693 4787 4916 4947 5216 5493 6486 6500 6507 6529 6556 6564 6579 6582 6584 6586 6592 6604 6608 6618 6624 6625 6629 6634 6659 6692 6696 6745 6774 6802 6830 6836 6890 12025 12031 
	}
	history={
		owner = ENG
		add_claim_by = ENG
		add_core_of = EIR
	}
	manpower=10000
	buildings_max_level_factor=1.000
	state_category=pastoral
	local_supplies=0.000
}
