state={
	id=727
	name="STATE_727"
	provinces={
		95 325 411 457 762 798 871 914 930 1091 1211 1392 1504 1657 1828 1878 2125 2180 2229 2511 2859 2931 2974 3143 3286 3497 3881 3943 4074 4162 4336 4513 4609 4853 5157 5201 5423 5526 6623 6669 6677 6697 6700 6715 6719 6727 6740 6741 6744 6748 6758 6767 6797 6812 6820 6831 6833 12037 
	}
	history={
		owner = ENG
		add_claim_by = ENG
		add_core_of = EIR
	}
	manpower=10000
	buildings_max_level_factor=1.000
	state_category=pastoral
	local_supplies=0.000
}
