state={
	id=729
	name="STATE_729"
	provinces={
		61 227 272 748 836 865 983 989 1185 1231 1299 1343 1347 1487 1503 1524 1539 1558 1672 1706 1801 1903 2274 2381 2394 2404 2480 2896 2908 2919 3091 3176 3256 3339 3348 3404 3595 3642 3686 3829 4017 4368 4477 4673 4721 4866 5109 5271 5486 6112 6122 6124 6133 6140 6148 6157 6161 6163 6168 6169 6197 6200 6205 6219 6239 6249 6252 6254 6256 6269 6274 6281 6286 6287 6289 6296 6302 6309 6318 6319 6320 6331 6347 6367 8651 
	}
	history={
		owner = ENG
		add_claim_by = ENG
		add_core_of = EIR
	}
	manpower=10000
	buildings_max_level_factor=1.000
	state_category=small_town
	local_supplies=0.000
}
