state={
	id=730
	name="STATE_730"
	provinces={
		228 229 239 278 297 303 430 442 569 680 765 828 1063 1586 1630 1645 1728 1815 1850 2094 2171 2515 2656 2715 2787 2809 2871 3031 3134 3173 3261 3337 3342 3378 3525 3649 3685 3718 3772 3873 3916 3942 3996 4101 4148 4433 4440 4794 4798 5158 5200 5334 5378 6339 6344 6355 6374 6381 6386 6389 6394 6399 6401 6407 6408 6424 6425 6428 6441 6442 6444 6460 6464 6476 6480 6496 6503 6540 6555 6563 
	}
	history={
		owner = ENG
		add_core_of = ENG
	}
	manpower=10000
	buildings_max_level_factor=1.000
	state_category=small_town
	local_supplies=0.000
}
